 54.01500000
 59.77250000
 64.91250000
 67.58250000
 72.72250000
 77.86250000
 84.23750000
 90.61250000
 96.98750000
 99.04000000
100.47500000
101.99250000
107.66750000
111.57250000
115.47750000
118.76500000
120.81750000
126.57500000
132.31500000
133.83000000
138.86500000
143.98500000
145.41500000
147.46000000
150.12000000
151.63500000
154.21000000
156.87000000
159.53000000
161.04500000
163.62000000
169.35500000
173.24500000
179.59500000
185.33000000
187.37500000
190.03500000
192.08000000
197.20000000
201.09000000
204.98000000
208.25500000
212.14500000
214.80500000
218.69500000
220.74000000
224.01500000
225.53000000
226.26000000
230.76500000
233.42500000
236.08500000
238.13000000
243.25000000
245.91000000
251.64500000
254.92000000
256.96500000
260.24000000
263.51500000
265.56000000
271.29500000
273.34000000
274.77000000
276.81500000
279.47500000
282.75000000
284.26500000
289.91500000
291.34500000
294.62000000
296.13500000
298.71000000
301.37000000
304.64500000
309.76500000
312.42500000
316.31500000
320.82000000
322.33500000
323.15000000
325.72500000
327.15500000
328.67000000
331.86000000
333.90500000
336.56500000
340.45500000
346.80500000
349.46500000
355.81500000
358.47500000
361.13500000
364.41000000
366.45500000
372.80500000
377.31000000
381.81500000
385.70500000
390.21000000
        avg:
228.80127500
no_context_switch_started_after:
 53.29750000
context_switch_started_after:
 52.48000000
cpu_idle_time:
 20.00000000
 Throughput:
  0.25627226
occupancy tNcs: 
  total time: 209.04
  Percentage time: 53.5845%
occupancy tCs: 
  total time: 70.25
  Percentage time: 18.0076%
Averga waiting time:
225.76177500
