 54.01750000
 59.77500000
 64.91500000
 67.58500000
 72.72500000
 77.86500000
 84.24000000
 90.61500000
 96.99000000
 99.04250000
100.47750000
101.99500000
107.67000000
111.57500000
115.48000000
118.76750000
120.82000000
126.57750000
132.31750000
133.83250000
138.86750000
143.98750000
145.41750000
147.46250000
150.12250000
151.63750000
154.21250000
156.87250000
159.53250000
161.04750000
163.62250000
169.35750000
173.24750000
179.59750000
185.33250000
187.37750000
190.03750000
192.08250000
197.20250000
201.09250000
204.98250000
208.25750000
212.14750000
214.80750000
218.69750000
220.74250000
224.01750000
225.53250000
226.26250000
230.76750000
233.42750000
236.08750000
238.13250000
243.25250000
245.91250000
251.64750000
254.92250000
256.96750000
260.24250000
263.51750000
265.56250000
271.29750000
273.34250000
274.77250000
276.81750000
279.47750000
282.75250000
284.26750000
289.91750000
291.34750000
294.62250000
296.13750000
298.71250000
301.37250000
304.64750000
309.76750000
312.42750000
316.31750000
320.82250000
322.33750000
323.15250000
325.72750000
327.15750000
328.67250000
331.86250000
333.90750000
336.56750000
340.45750000
346.80750000
349.46750000
355.81750000
358.47750000
361.13750000
364.41250000
366.45750000
372.80750000
377.31250000
381.81750000
385.70750000
390.21250000
        avg:
228.80377500
no_context_switch_started_after:
 53.30000000
context_switch_started_after:
 52.48250000
cpu_idle_time:
 20.00000000
 Throughput:
  0.25627062
nsc: 54%
cs : 18%

