251.72500000
374.59500000
344.63500000
297.00000000
363.44000000
364.25500000
376.11000000
266.04000000
376.84000000
222.69500000
269.51500000
305.99500000
272.99000000
230.34500000
378.88500000
233.12000000
355.67500000
371.20500000
312.94500000
240.77000000
358.53500000
285.26000000
315.72000000
317.23500000
380.93000000
        avg:
314.65840000
no_context_switch_started_after:
 49.91500000
context_switch_started_after:
 49.09750000
cpu_idle_time:
 34.40000000
 Throughput:
  0.06562886
Averga waiting time:
 73.62500000
