 54.01750000
357.65500000
359.08500000
246.35500000
360.51500000
361.94500000
405.97500000
406.79000000
407.60500000
 72.49000000
 73.92500000
 75.44250000
408.42000000
259.97000000
262.01500000
263.44500000
 85.00500000
372.17000000
374.21500000
 90.62750000
376.26000000
377.69000000
 95.46750000
 97.52000000
273.14000000
101.09000000
273.87000000
275.38500000
276.20000000
108.06500000
276.93000000
379.73500000
281.02000000
409.23500000
383.82500000
119.68000000
286.62500000
123.78500000
385.25500000
290.01500000
292.06000000
293.49000000
295.53500000
297.05000000
298.39500000
140.16000000
299.82500000
143.72000000
144.45000000
386.77000000
303.38500000
304.20000000
152.63000000
387.50000000
307.06000000
389.54500000
309.83500000
162.85500000
311.26500000
312.69500000
168.99000000
391.59000000
173.08000000
174.51000000
176.55500000
316.25500000
316.98500000
182.16000000
410.05000000
184.93500000
320.46000000
188.49500000
321.89000000
323.40500000
324.13500000
395.06500000
327.69500000
329.04000000
396.58000000
203.62500000
204.44000000
332.51500000
207.21500000
208.73000000
334.56000000
212.12000000
336.07500000
337.42000000
410.86500000
340.98000000
411.68000000
343.84000000
344.65500000
345.38500000
230.52500000
412.49500000
403.53000000
404.34500000
353.56500000
405.16000000
        avg:
282.26485000
no_context_switch_started_after:
 53.30000000
context_switch_started_after:
 52.48250000
cpu_idle_time:
 41.60000000
 Throughput:
  0.24242718
occupancy tNcs: 
  total time: 155.2725
  Percentage time: 37.7335%
occupancy tCs: 
  total time: 145.4175
  Percentage time: 35.3386%