 70.80250000
292.89750000
256.44250000
100.15500000
261.56250000
266.68250000
339.39250000
345.74250000
352.09250000
 72.85500000
 61.57500000
 53.48250000
358.44250000
189.89750000
193.78750000
143.43250000
 74.90750000
298.63250000
304.36750000
 54.30000000
310.10250000
271.80250000
 63.01000000
 76.96000000
102.82500000
 55.11750000
146.70750000
105.49500000
108.16500000
 55.93500000
149.98250000
315.83750000
197.67750000
364.79250000
321.57250000
 79.01250000
110.83500000
 81.06500000
276.92250000
201.56750000
205.45750000
153.25750000
209.34750000
113.50500000
213.23750000
 83.11750000
156.53250000
 56.75250000
 64.44500000
233.30250000
116.17500000
118.84500000
 85.17000000
282.04250000
121.51500000
327.30750000
159.80750000
 87.22250000
163.08250000
166.35750000
 89.27500000
333.04250000
 91.32750000
 65.88000000
 93.38000000
124.18500000
169.63250000
 57.57000000
371.14250000
 67.31500000
172.90750000
 58.38750000
176.18250000
126.85500000
179.45750000
287.16250000
129.51750000
217.12750000
237.80750000
 59.20500000
 60.02250000
182.73250000
 68.75000000
 60.84000000
221.01750000
 95.43250000
132.17750000
224.90750000
377.49250000
134.83750000
383.84250000
137.49750000
140.15750000
186.00750000
 97.48500000
390.19250000
242.31250000
246.81750000
228.79750000
251.32250000
        avg:
175.73317500
no_context_switch_started_after:
 61.47500000
context_switch_started_after:
 52.48250000
cpu_idle_time:
 20.00000000
 Throughput:
  0.25628376
Averga waiting time:
172.69445000
occupancy tCs: 
  total time: 70.25
  Percentage time: 18.0084%
occupancy tNcs: 
  total time: 209.04
  Percentage time: 53.5869%
