 70.80000000
292.89500000
256.44000000
100.15250000
261.56000000
266.68000000
339.39000000
345.74000000
352.09000000
 72.85250000
 61.57250000
 53.48000000
358.44000000
189.89500000
193.78500000
143.43000000
 74.90500000
298.63000000
304.36500000
 54.29750000
310.10000000
271.80000000
 63.00750000
 76.95750000
102.82250000
 55.11500000
146.70500000
105.49250000
108.16250000
 55.93250000
149.98000000
315.83500000
197.67500000
364.79000000
321.57000000
 79.01000000
110.83250000
 81.06250000
276.92000000
201.56500000
205.45500000
153.25500000
209.34500000
113.50250000
213.23500000
 83.11500000
156.53000000
 56.75000000
 64.44250000
233.30000000
116.17250000
118.84250000
 85.16750000
282.04000000
121.51250000
327.30500000
159.80500000
 87.22000000
163.08000000
166.35500000
 89.27250000
333.04000000
 91.32500000
 65.87750000
 93.37750000
124.18250000
169.63000000
 57.56750000
371.14000000
 67.31250000
172.90500000
 58.38500000
176.18000000
126.85250000
179.45500000
287.16000000
129.51500000
217.12500000
237.80500000
 59.20250000
 60.02000000
182.73000000
 68.74750000
 60.83750000
221.01500000
 95.43000000
132.17500000
224.90500000
377.49000000
134.83500000
383.84000000
137.49500000
140.15500000
186.00500000
 97.48250000
390.19000000
242.31000000
246.81500000
228.79500000
251.32000000
        avg:
175.73067500
no_context_switch_started_after:
 61.47250000
context_switch_started_after:
 52.48000000
cpu_idle_time:
 20.00000000
 Throughput:
  0.25628540
occupancy tCs: 
  total time: 70.25
  Percentage time: 18.0085%
occupancy tNcs: 
  total time: 209.04
  Percentage time: 53.5873%
